YT1514933495616
YT1514863568944
YT1514877062145
YT1514876163450
YT1514635590222
YT1514551019308
YT1514555738256
YT1514555739792
YT1514532605611
YT1514535493870
YT1514550031101
318299514459933
318299447340539
318299412551961
318299356206351
318299152720291
318299142090606
318299158424634
318299081779365
318299068257442
SF1366835850159
318299071191910
318299082812485
318299075132377
318299072161108
318299077050900
318299093437852
318299081778267
318299079885839
318298866232620
318298810968269
318298810993871
318298781478715
318298706225354
318298732347231
318298556408146
318298553501264
SF1366766954159
318298445650425
318298456448301
318298539846503
318298533988512
318298446593602
318298454570238
318298438088945
318298542799051
318298450540861
318298536921635
318298452479135
318298558299324
318298453549128
318298439930176
318298434245514
318298461370551
318298435198528
318298431279843
318298448629816
SF1356853141590
318298439933333
318298453465694
318298439939525
318298436156230
318298458393415
318298438183630
318298452472053
318298461287061
318298447610954
318298456450522
318298443709347
318298440798069
318298439941344
318298439933149
318298447611070
318298457387499
318298274718626
318298271758148
318298120363571
318298123328654
318298125324262
318298109593000
318298108001946
318298101241915
318298098204389
318298098198278
318298108682761
318298105067674
318298118308779
318298126306465
318298115503381
318297821539945
318297829457316
318297808135651
318297831367721
318297813734240
318297810805779
318297821542347
318297828472326
318297832382834
318297809802013
318297629026649
318297634910756
318297628648909
318297499484810
318297470278343
318297305724255
318297235044167
318297233997934
318297245357129
318297228191192
SF1366604225498
318297228182962
318297245408253
318297228183450
318297244353419
318297229200310
SF1366604221312
318297231033880
318297233995526
318297233993069
318297231025675
SF1366604217953
318297234009583
318297218256250
318297218253952
318297230043991
318297219254259
SF1366604230530
318297224192462
318297238565807
318297247318732
318297247360074
318297225100127
318297249289434
318297226117859
318297235937142
318297227163843
318297229192972
318297243400386
318297246297618
318297224195847
318297245406534
318297227199648
318297244355916
318297230985083
318297224195259
318297224195259
318297244365707
318297245403846
SF1356716293400
318297223228853
318297219258352
318297238560254
318297232009795
318297224138262
318297224153744
318297240549258
318297239524431
318297228187947
318297245349419
318297226042761
318297235044446
318297235044446
318297219261279
318297241534532
318297239577710
318297223256731
318297231034475
318297227211772
318297230078983
318297228168253
318297219250291
318297226040105
SF1366604144134
318297228180774
318297240475735
318297229182658
318297224171463
318297245348711
318296881514838
318296868271825
318296868271057
318296855259312
318296879640429
318296896351720
318296893357505
318296870228084
318296894364601
318296885461318
318296879443038
318296887466393
318296898324233
318296896350834
318296896349042
318296873211455
318296770977424
318296764996119
318296752273231
318296768901547
318296780318266
318296753235317
318296760052661
318296761019471
318296728120770
318296736028538
318296741044954
318296639099079
318296583650331
318296581686314
318296579714228
318296573789696
SF1366657704686
318296580613082
318296579714513
318296393667308
318296386771920
318296390749443
318296331729844
318296334579313
318296319993445
318296338332728
318296219199765
318296228963829
318296218274346
318296234599235
318296228964056
318296227012885
318296228963526
318296222134558
318296131658536
318296111263671
318295995086340
318296010805510
318296018434554
318296003535972
318295996140756
318296001008745
318296121794552
318296017466637
318296018436453
318295998131178
318296003041053
318296003536187
318296013831104
318296001071066
SF1366416459513
318296013769360
318296002554974
318296012731784
318295985943412
318296002973882
318296017463355
318295788349704
318295736023643
318295746600649
318295735048431
SF1366368803913
318295732238627
318295597798401
318295601620786
318295491273840
318295495116252
318295501790105
318295506612086
318295508617164
318295435227823
318295440907662
318295457420634
318295434203551
318295433258615
318295443860629
318295334009984
318295454442314
318295448675111
318295435237048
318295438087630
318295447660821
318295459410087
318295346410454
318295449632323
318295445777993
318295345468030
318295338604250
318295344497128
318295344483707
318295327126348
318295440915176
318295325095260
318295456420734
318295329946823
318295441896822
318295439029556
318295450602190
318295433257713
318295339616149
318295320200722
318295326021674
318295456425034
318295324124355
318295457420438
318295343490168
318295436269610
318295326015275
318295434209175
318295333773610
318295334730349
318295458382046
318295435238140
318295345466791
318295323118864
318295439971154
318295326017659
318295446737691
318295343706156
318295332957233
SF1356523449605
318295446729507
318295439041184
318295438089638
318295328238834
318295340570275
SF1356523449710
318295439023859
318295119887076
318295433256136
318295441895328
318295074517349
SF1356483326766
SF1356483326766
318294996606338
318295004330218
318294982182750
318295000440240
318294914491360
318294914491855
318294914491552
318294917449936
318294759193629
318294765992415
318294756615407
318294750936340
318294759509157
SF1366246959268
318294748996406
318294752884041
318294762425514
318294760218758
318294760547143
318294768316323
318294760217090
318294747073831
318294760218861
318294751851941
318294784325919
318294740235258
318294897141352
318294748993415
318294781554512
318294740218865
318294745128151
318294751851341
318294758524911
318294743191549
318294785307528
318294905812375
318294900060529
318294758239324
318294748051171
318294758513820
318294754684025
318294752859811
318294768300661
318294759543309
318294767030658
318294746095626
318294775807720
SF1356463721560
318294748042741
318294758507235
318294739264715
318294760552731
318294782556214
318294766293135
318294770862069
318294786293230
318294764352915
318294749992724
318294782562229
318294771856316
318294744139063
318294764343602
318294744138147
318294780683730
318294765006174
318294780684428
318294771851941
318294745162058
318294749989712
318294758240841
318294768296605
318294902050918
318294747080461
318294741207559
318294745132247
318294745118160
318294762437315
318294762484313
318294748052841
318294749959917
318294774766783
318294771858611
318294759525604
SF1366246979642
318294759190965
318294768316715
318294754679027
318294775807520
318294784334915
318294759540831
318294748049534
318294777765781
318294745122739
318294768296130
318294740207978
318294782559916
318294751823340
318294761446413
318294759513425
318294761467131
318294761431348
318294756602730
318294748996911
318294740225265
318294757533801
SF1356463213391
318294765287402
318294744132159
SF1366246978734
318294742195067
318294907705760
318294755637024
318294757582803
318294749985504
318294760517540
318294762426713
318294752846405
318294747079336
318294757540520
318294754686021
318294768311348
318294765286401
318294569110980
318294588331528
318294579603940
318294566211642
318294437835219
318294424097849
318294438792054
318294428992734
318294450427162
318294447510955
318294450427538
318294438803445
318294444634309
318294450429170
318294442630448
318294426084164
SF1356405788627
318294451385423
318294430982554
318294446554398
318294448516613
318294435894915
318294424096953
318294447512151
318294446555787
318294442618244
318294451381643
318294450425637
318294451383728
318294451385928
318294433942626
318294430983850
318294430037006
318294435898810
318294449466032
318294428021880
318294430036005
318294430985947
318294430035874
318294441657610
318294449461425
318294440689157
SF1366211508607
318294440670860
SF1356405791124
318294445602840
318294447518515
318294438795312
318294302929874
318294317421756
318294301013819
318294301013516
318294305712372
318294309618967
318294299060582
SF1356933175359
318294296230762
318294309615459
318294315547420
SF1356383513422
318294307679340
318294157202571
318294293240190
318294171781460
318294312551753
318294314521459
318294297248061
318294294196739
318294168970751
318294310650682
318294321287747
318294164170375
318294164165731
318294161125471
318294165015764
318294166041469
318294164165531
318294165026962
318294177608446
318294164159075
318294165015663
318294312550663
318294159213464
318294168967515
318294181474947
318294166048953
318294170854955
318294166043649
318294170050610
318294174853619
318294172844245
318294159211292
318294161139569
318294157206963
318294182471266
318294165017467
318294168082096
318294166046844
318294170854747
318294177610467
318294172854151
318294159215177
318294163074650
318294296231175
318294170852862
318294181488077
318294167007290
318294156208558
318294167004481
318294181476070
318294163075083
318294056484428
318294042965641
SF1366127458027
318292015636658
318291137087381
318290383610999
318290383610999
318290364230017
318290364230017
318289713758052
SF1355598396716
318289106923006
318288595903160
318288604827247
318288609774146
318288592975607
318288597954796
318288605822259
318288592975043
318288600963660
318288598872914
318288591144347
318288605818076
318288594860333
318288613666505
318288596980245
318288592127074
318288608858619
318288602927648
318288611786150
318288598869213
318288604817949
318288608854055
318288603856424
318288612749150
318288600006715
318288600956652
318288593946503
318288600005615
318288595887115
318288606768227
318288618447044
318288597939709
318288613659515
318288611777827
318288607757814
318288591130576
318288617566122
318288611777623
318288617565907
318288609749629
318288612742632
318288618442932
318288592108970
318288617561238
318288614686312
318288595875112
318288602912573
318288610723273
318288615617238
318288614682823
318288599982234
318288593931248
318288596950335
318288600939285
318288599977125
318288592103975
318288594835034
318288609732445
318288594834310
318288607740084
318288618431253
318288602903480
318288615606248
318288598845029
318288602897072
318288591108474
318288598844797
318288594831331
318288618430084
318288612713646
318288603830373
318288616623929
318288595854591
318288598843310
318288607736142
318288616623721
318288592921450
318288618427056
318288591100038
318288599964127
318288596938503
318288612711662
318288599961827
318288616617146
318288601959751
318288602879537
318288605772429
318288592907846
318288599954912
318288594823138
318288604778820
318288605768816
318288614655601
318288612702664
318288612702373
318288612702189
318288607721750
318288593908074
318288608806551
318288592899422
318288617529147
318288597885690
318288608804458
318288596924609
318288607712085
318288604767713
318288597882809
318288610701302
318288593902551
318288605764612
318288615579508
318288609700892
318288614640348
318288605761534
318288611731756
318288610699085
318288599935709
318288606704548
318288601935959
318288606703961
318288617513247
318288600893280
318288614635134
318288599931941
318288595814515
318288607697518
318288603796829
318288602854835
318288613605077
318288604758925
318288598802076
318288600885552
318288597869119
318288614627517
318288612671253
318288608789428
318288605750081
318288598798123
318288608781076
318288607680748
318288609685329
318288599923724
318288601910037
318288597857996
318288608779722
318288608779146
318288596890154
318288616567401
318288615560734
318288592039854
318288610682651
318288591051192
318288597851047
318288595798304
318288611699842
318288596879210
318288613579924
318288597843698
318288605723342
318288616554405
318288599898707
318288595792607
318288597833219
318288608762336
318288592025649
318288598782706
318288605720096
318288617476805
318288594783307
318288608755613
318288608755817
318288597826910
318288614590449
318288616544913
318288603760456
318288605712358
318288605714841
318288609647824
318288594779211
318288615544314
318288593846306
318288598772806
318288599879219
318288606665508
318288596866888
318288597819055
318288607649620
318288599877031
318288592012673
318288615540738
318288603753935
318288620423455
318288615923834
318288610975167
318288616913254
318288616912449
318288610016301
318288596119075
318288622313546
318288605029472
318288596161066
318288613010037
318288605029193
318288609147645
318288616874313
318288617823334
318288597235223
318288620416855
318288613916442
318288613037751
318288609112681
318288615001497
318288595119349
318288596116339
318288601255265
318288619400581
318288609978833
318288601202124
318288607997626
318288621290197
318288597270838
318288616920460
318288603269844
318288616899053
318288599160551
318288594039163
318288595167411
318288598025738
318288617830261
318288609152558
318288603265068
318288613740954
318288604896239
318288612838064
318288605068356
318288594036065
318288597283919
318288615702853
318288596154711
318288598012562
318288614783922
318288619401005
318288598252518
318288600080519
318288602096376
318288612064176
318288597055235
318288615914159
318288617630641
318288593218250
318288603021692
318288592213850
318288608927636
318288615691834
318288600072796
318288601049680
318288603906276
318288614791250
318288603042380
318288610799650
318288595956792
318288594934810
318288600067883
318288601047476
318288611856241
318288616686699
318288608941357
318288603915266
318288592208088
318288616685404
318288606815252
318288610793650
318288605868324
318288611846832
318288603025769
318288602073377
318288592168934
318288617620852
318288594010106
318288600048890
318288593026350
318288598906938
318288592185527
318288610801400
318288601037677
318288598916927
318288591178944
318288608921660
318288603904765
318288592167147
318288602083380
318288597044150
318288618515935
318288616684407
318288595942711
318288611856526
318288610793086
318288600046783
318288602065184
318288601027109
318288600053589
318288614746705
318288610791870
318288602071684
318288608912660
318288598900869
318288605861636
318288604848331
318288607811762
318288605852729
318288591179541
318288606810980
318288612801101
318288603896153
318288606810007
318288615669314
318288609803373
318288601003228
318288615662513
318288616673314
318288598896122
318288605852832
318288600993669
318288608903373
318288605852244
318288616672321
318288602048470
318288597018646
318288592148938
318288611829358
318288597976895
318288595932140
318288606803964
318288608893733
318288608891264
318288609794245
318288602985737
318288618492529
318288594897799
318288593995509
318288602980287
318288613680353
318288614739822
318288602977734
318288591164634
318288609791650
318288602976341
318288592984514
318288598890633
318288615647702
318288608886927
318288595909635
318288606784324
318288612772730
318288592989822
318288600980027
318288598875399
318288592988322
318288597006269
318288610761461
318288603869937
318288608867716
318288591153541
318288608870552
318288611811383
318288592134070
318288592133740
318288015954850
318288027714178
318288031582661
318288037337071
318287786531916
318287780671535
318287391719849
318287395634700
318287384830633
318287379055428
SF1355356151058
318287377234811
318287184027962
318286979070967
318286999311652
318286947210461
318286947546586
318286929019979
318286904954530
318286906840964
318286912773528
318286797163815
318286807798522
318286801982276
318286801982096
318286819340653
318286795192152
318286811449738
318286813345927
318286799229062
318286792249522
318286792249522
SF1365144626830
SF1365144626830
318286797164042
SF1365141171397
SF1365141171397
318286275838910
318286279760338
SF1364873475991
SF1364873475991
318284670781162
318284649273045
318284660120992
318284670780549
318283056737623
SF1364608925286
318281586113271
318281483827338
318281466264716
SF1364655107530
318281495495928
SF1354697781489
318280680851197
318280633391972
318280636333739
318280617753443
432545967728032
432545967728032
318283273962527
318278554539208
318278555514309
318277510156088
318277516952141
318278550651532
318277734997906
318277517899322
318276697706046
SF1364215073161
SF1354387890799
318276701558835
318275984664786
YT1484120517787
YT1484120517887
YT1484133327377
YT1484133327426
YT1484141050666
YT1484141050700
YT1484121569566
YT1484121569664
YT1484123515377
YT1484123515470
YT1484134221969
YT1484134222010
YT1484143040193
YT1484143040282
YT1484119662857
YT1484119662990
YT1484117691544
YT1484117691646
YT1484135211566
YT1484135211663
YT1484135211322
YT1484135211465
YT1484149912382
YT1484149912455
YT1484115624758
YT1484133327194
YT1484115624832
YT1484133327241
YT1484141051000
YT1484141051166
YT1484144048768
YT1484144048899
YT1484126351351
9734034596624-” 
YT1484149912978
YT1484149913063
YT1484149912782
YT1484149912855
YT1484137134102
YT1484137134213
YT1484134222316
YT1484134222410
YT1484148925990
YT1484148926070
YT1484125426491
YT1484125426582
YT1484135211722
YT1484135211865
YT1484140074237
YT1484140074300
YT1484136168286
YT1484136168333
YT1484118658144
YT1484118658264
YT1484130284487
YT1484130284587
YT1484133327952
YT1484133328085
YT1484139115800
YT1484139115965
YT1484117691964
YT1484117692088
9734034601724-” 
YT1484125426684
YT1484128333135
YT1484128333296
YT1484122564166
YT1484122564200
YT1484142142020
YT1484142142164
YT1484125426399
9734034570524-” 
YT1484140074423
YT1484140074596
YT1484145030486
YT1484145030505
YT1484147981780
YT1484147981848
YT1484149912578
YT1484149912641
YT1484116683133
YT1484116683279
YT1484137134337
YT1484137134464
YT1484119663131
YT1484119663202
YT1484119663955
YT1484119664032
YT1484137134500
YT1484137134675
YT1484123515556
YT1484123515677
YT1484131275804
YT1484131275944
YT1484128333390
YT1484128333433
YT1484143040300
YT1484143040491
YT1484149913111
YT1484149913264
YT1484120518462
YT1484120518563
YT1484135212347
YT1484135212473
YT1484137133955
YT1484137134064
YT1484134221700
YT1484134221833
YT1484148925682
YT1484148925590
YT1484135212152
YT1484135212286
YT1484133327532
YT1484133327663
YT1484117691746
YT1484117691808
YT1484132221151
YT1484132221246
YT1484134222186
YT1484134222266
YT1484122563931
YT1484122564091
YT1484147981988
YT1484147982026
YT1484147982108
YT1484147982211
YT1484119663555
YT1484119663668
YT1484139116047
YT1484139116155
YT1484132221356
YT1484132221469
YT1484133327777
YT1484133327826
YT1484130284673
YT1484130284777
YT1484115624900
YT1484115625000
YT1484139116252
YT1484139116322
YT1484125426737
YT1484125426891
YT1484119664100
YT1484119664266
YT1484119663356
YT1484119663467
YT1484145030236
YT1484145030333
YT1484116683533
YT1484116683699
YT1484147982357
YT1484147982466
YT1484119663756
YT1484119663863
YT1484115625189
YT1484115625229
YT1484144048957
YT1484144049046
YT1484125426966
YT1484125427066
YT1484121569746
YT1484121569822
YT1484142142213
YT1484133328144
YT1484142142371
YT1484133328277
YT1484144049135
YT1484144049204
YT1484135212747
YT1484135212859
YT1484147982582
YT1484147982699
YT1484148925774
YT1484148925800
YT1484135212536
YT1484135212686
YT1484121569980
YT1484121570000
YT1484122563711
YT1484122563855
YT1484141050854
YT1484141050910
YT1484120518218
YT1484120518377
YT1484122564333
YT1484122564491
YT1484120518088
YT1484120518181
YT1484126351400
YT1484126351578
YT1484116683392
YT1484116683476
YT1484135211922
YT1484135212073
YT1484121570156
YT1484121570296
YT1484136168090
YT1484136168123
YT1484136167833
YT1484136167979
YT1484119663081
318275586415908
318275569889116
318275591306745
318275577557286
318275475225312
318275479234607
SF1364015152880
SF1355356151207
318274584212837
318274540344726
318274289934234
318274305499839
318274134938152
318274150603775
318274144607841
318273860280377
318273519773143
318273512673624
318273441784923
318272693418630
318272663274510
318272678924229
318272689495915
318272693411552
SF1353907300216
318272691491087
318272665251426
318272675019960
318272670194963
318272690521567
SF1353907401511
318272669222345
318272682799927
318272688487032
SF1353907301372
318272694361151
318272692433062
318272657101768
318274586228133
318272323671740
318272086145453
318271832212674
318271836115553
318271831239369
318271890791288
318271253280006
SF1363636931147
318271268852154
318271272739844
318271260113308
318270981572271
318271228560370
318271239414964
318271243327259
318270761800910
318270725367243
318270706871470
318270557640642
318270361246457
318270364189751
318270421636089
318270126404993
318270126404993
318270113564764
SF1353730091455
318270116481018
318270129373569
318270112578980
318270127433663
318269954550239
318269927998055
SF1363631693962
318269953533710
SF1353730090584
318269924273242
318269924272342
318269945677203
318269954547900
SF1353730088515
318269943669218
318269944696033
318269937761616
SF1353730088754
318269935775902
318269927998520
SF1353730086898
318269938714724
SF1353730086843
318269949618331
318269949618331
318269950589247
318269950589247
318269871167831
318269651084641
318269652082848
318269677339125
318269672603249
318269436040369
SF1363631691511
318269313092479
318269313092479
318269430026008
318269430026008
318269430026008
318269430026008
318269316045955
318269316045955
318269343656498
318269343656498
318269344596307
318269344596307
318268751318532
318268751318532
318268737358027
318268737358027
SF1363631691496
SF1363631691496
318268745345490
318268745345490
318268737362806
318268737362806
318268751318631
318268751318631
318268746378201
318268746378201
318268737362911
318268737362911
318268728804631
318268728804631
318268739377597
318268739377597
318268191761855
318268276238321
318268276238321
318267999441827
432516266718512
432516271386153
432516265955153
432516262226279
432516271385249
432515530673283
432515523054203
432515534181717
432515528340549
432515526118168
318264605378326
318264201320129
318264200350909
318264002656091
318263955275036
432506633678539
318263963975701
432506629064134
318263956248314
432506626720556
432506633678635
432506633678731
432506623690618
432506632976627
432506630644646
432506626720292
432506620663375
318263971801380
432506632975905
318263971795617
318263252660256
318263240060215
432497046040561
432497041483362
432497049008721
432497046046355
432497046046355
432497049804349
432497039957627
432497049812275
432497049812275
432497048242089
SF1352614535216
318261573916068
318261596341736
318260460328283
75528235183072
75528125868740
75528126067847
75528107858176
75528107469169
75528126067776
75528126067776
75527867813844
75527866168580
75527787176379
75527789328599
75527612858854
75527613353267
75527570603295
75527501031191
75527501418726
75527501123869
75527439027823
75527419530043
75527375978381
75527372463817
75527372841666
75527377623645
75527376554254
75527376795775
75527378205889
75527371689258
75527374009727
75527337204143
75527306875670
75527308139715
75527307757594
75527258040348
75527256491142
75526227455826
75526217004253
75526178113671
75526148096494
75526106194606
75526106989300
75526107447126
75526106988477
75526107742272
75526107936358
75526108517700
75526123494449
75526107936200
75526107348653
75526106089218
75526108700589
75526106193275
75526106089088
75526125722196
75526107446252
75526123888935
75526123993029
75526125027774
75526124642465
75526124463166
75526126020376
75526124931921
75526126020406
75526125722361
75526107159940
75526106288344
75526107939329
75526109102657
75526123888802
75526107351546
75526106287774
75526107085416
75526108704145
75526107546293
75526108703838
75526124566004
75526108902844
75526106695286
75528434166915
75525973353552
75525852660791
75525853724718
75525727389852
75525729509077
75525728270580
75525688671696
75525635701364
75524437526503
75523764843461
75523764843461
75523710183659
75523711244461
75523309045226
75523308944509
75523199888418
75523144650990
75523143676150
75522554168271
75522554068228
75522497231618
75522416934476
75522416934476
75522285045552
75522285045552
75872565276196
75870596665012
75870595967348
75870595810787
75869093188070
75520656710903